0.076720
0.076860
0.077280
0.077981
0.078960
0.080219
0.081756
0.083570
0.085660
0.088025
0.090663
0.093573
0.096753
0.100201
0.103916
0.107894
0.112133
0.116631
0.121385
0.126392
0.131650
0.137154
0.142902
0.148890
0.155114
0.161571
0.168257
0.175168
0.182298
0.189646
0.197204
0.204970
0.212939
0.221105
0.229463
0.238009
0.246738
0.255643
0.264720
0.273963
0.283367
0.292926
0.302633
0.312484
0.322472
0.332590
0.342834
0.353197
0.363671
0.374252
0.384933
0.395707
0.406567
0.417507
0.428521
0.439601
0.450742
0.461935
0.473175
0.484455
0.495767
0.507105
0.518462
0.529831
0.541205
0.552578
0.563942
0.575290
0.586616
0.597913
0.609174
0.620391
0.631559
0.642670
0.653718
0.664696
0.675597
0.686415
0.697142
0.707774
0.718303
0.728722
0.739026
0.749208
0.759262
0.769182
0.778962
0.788595
0.798077
0.807401
0.816562
0.825554
0.834372
0.843009
0.851462
0.859725
0.867793
0.875660
0.883323
0.890777
0.898016
0.905038
0.911836
0.918408
0.924749
0.930856
0.936724
0.942350
0.947731
0.952864
0.957745
0.962371
0.966740
0.970849
0.974696
0.978277
0.981591
0.984637
0.987411
0.989913
0.992140
0.994092
0.995768
0.997166
0.998285
0.999125
0.999685
0.999965
0.999965
0.999685
0.999124
0.998284
0.997165
0.995767
0.994091
0.992139
0.989911
0.987409
0.984635
0.981590
0.978275
0.974693
0.970847
0.966738
0.962369
0.957742
0.952861
0.947728
0.942347
0.936721
0.930852
0.924745
0.918404
0.911832
0.905034
0.898012
0.890773
0.883319
0.875656
0.867788
0.859720
0.851457
0.843004
0.834366
0.825549
0.816557
0.807396
0.798072
0.788590
0.778956
0.769176
0.759256
0.749202
0.739020
0.728716
0.718297
0.707768
0.697136
0.686408
0.675590
0.664689
0.653711
0.642663
0.631552
0.620384
0.609167
0.597906
0.586610
0.575284
0.563935
0.552571
0.541198
0.529824
0.518455
0.507098
0.495760
0.484448
0.473168
0.461929
0.450735
0.439595
0.428514
0.417501
0.406560
0.395700
0.384927
0.374246
0.363665
0.353190
0.342828
0.332584
0.322466
0.312478
0.302627
0.292920
0.283362
0.273958
0.264715
0.255638
0.246732
0.238004
0.229458
0.221100
0.212934
0.204966
0.197200
0.189641
0.182294
0.175163
0.168253
0.161567
0.155110
0.148886
0.142898
0.137151
0.131647
0.126389
0.121382
0.116628
0.112130
0.107891
0.103913
0.100199
0.096751
0.093571
0.090661
0.088023
0.085658
0.083569
0.081755
0.080218
0.078960
0.077980
0.077280
0.076860
0.076720
