0.000000
0.010697
0.021301
0.031718
0.041843
0.051564
0.060756
0.069282
0.076991
0.083716
0.089286
0.093516
0.096223
0.097225
0.096349
0.093439
0.088362
0.081019
0.071348
0.059338
0.045027
0.028516
0.009968
-0.010386
-0.032250
-0.055261
-0.078992
-0.102961
-0.126635
-0.149443
-0.170784
-0.190045
-0.206614
-0.219893
-0.229323
-0.234393
-0.234661
-0.229771
-0.219463
-0.203594
-0.182145
-0.155227
-0.123092
-0.086132
-0.044879
0.000000
0.047713
0.097354
0.147919
0.198324
0.247430
0.294067
0.337059
0.375253
0.407548
0.432923
0.450467
0.459405
0.459120
0.449178
0.429347
0.399604
0.360154
0.311427
0.254081
0.188993
0.117250
0.040130
-0.040920
-0.124313
-0.208350
-0.291256
-0.371221
-0.446436
-0.515137
-0.575643
-0.626402
-0.666025
-0.693323
-0.707343
-0.707390
-0.693056
-0.664232
-0.621122
-0.564242
-0.494421
-0.412787
-0.320751
-0.219980
-0.112368
0.000000
0.114895
0.229984
0.342883
0.451206
0.552621
0.644896
0.725955
0.793926
0.847179
0.884374
0.904486
0.906841
0.891128
0.857413
0.806145
0.738149
0.654611
0.557062
0.447343
0.327568
0.200088
0.067436
-0.067723
-0.202651
-0.334591
-0.460829
-0.578756
-0.685913
-0.780061
-0.859219
-0.921706
-0.966189
-0.991703
-0.997677
-0.983946
-0.950757
-0.898762
-0.829009
-0.742911
-0.642225
-0.529011
-0.405583
-0.274471
-0.138350
0.000000
0.137768
0.272167
0.400487
0.520164
0.628823
0.724338
0.804869
0.868898
0.915267
0.943192
0.952281
0.942537
0.914356
0.868512
0.806142
0.728709
0.637977
0.535962
0.424887
0.307139
0.185201
0.061617
-0.061083
-0.180423
-0.294041
-0.399735
-0.495505
-0.579600
-0.650541
-0.707159
-0.748605
-0.774365
-0.784270
-0.778482
-0.757491
-0.722095
-0.673378
-0.612675
-0.541542
-0.461712
-0.375060
-0.283551
-0.189199
-0.094024
0.000000
0.090979
0.177142
0.256876
0.328753
0.391565
0.444331
0.486322
0.517062
0.536334
0.544176
0.540869
0.526922
0.503055
0.470173
0.429341
0.381750
0.328690
0.271515
0.211607
0.150350
0.089093
0.029123
-0.028360
-0.082271
-0.131653
-0.175698
-0.213757
-0.245347
-0.270152
-0.288027
-0.298985
-0.303196
-0.300969
-0.292741
-0.279057
-0.260549
-0.237924
-0.211933
-0.183358
-0.152986
-0.121594
-0.089929
-0.058693
-0.028526
-0.000000
0.026393
0.050247
0.071245
0.089161
0.103854
0.115270
0.123432
0.128436
0.130438
0.129647
0.126312
0.120717
0.113164
0.103965
0.093436
0.081885
0.069604
0.056869
0.043929
0.031008
0.018301
0.005975
-0.005829
-0.016998
-0.027436
-0.037069
-0.045836
-0.053683
-0.060567
-0.066441
